cities_C2 = range(1,71)

posn_C2 = {
	 1 : (20011.3981, 40108.6838),
	 2 : (25959.4046, 33817.7525),
	 3 : (34918.274, 41512.1277),
	 4 : (31284.2589, 32186.4342),
	 5 : (28499.9628, 32877.5173),
	 6 : (36026.0821, 41113.8766),
	 7 : (31287.7063, 28203.4939),
	 8 : (28187.6787, 45686.0701),
	 9 : (32709.2689, 42133.9003),
	 10 : (29396.2311, 28776.7576),
	 11 : (36152.6993, 43842.6721),
	 12 : (33476.5634, 32058.7418),
	 13 : (34655.3132, 40537.2069),
	 14 : (30144.2851, 30591.8478),
	 15 : (31977.1677, 34842.7289),
	 16 : (29807.2655, 39105.772),
	 17 : (33518.6049, 33190.002),
	 18 : (18121.6052, 40753.8693),
	 19 : (36362.4224, 35239.5458),
	 20 : (30867.0093, 29368.625),
	 21 : (34107.1526, 35291.0164),
	 22 : (21406.6874, 46025.7686),
	 23 : (20081.6974, 45214.5479),
	 24 : (39008.3132, 35421.0409),
	 25 : (27880.1256, 31813.1134),
	 26 : (36084.2293, 42351.1334),
	 27 : (20362.9591, 39043.5835),
	 28 : (24946.8083, 30804.6785),
	 29 : (35260.2918, 43365.1308),
	 30 : (37421.7438, 35214.6804),
	 31 : (18438.9791, 42158.0124),
	 32 : (34340.0124, 34286.1222),
	 33 : (33845.4132, 41252.6183),
	 34 : (29578.4408, 34980.8638),
	 35 : (27707.4166, 35102.4802),
	 36 : (42270.6232, 35193.6223),
	 37 : (41360.6138, 36150.3959),
	 38 : (26678.3445, 27555.0595),
	 39 : (6442.6401, 34689.7988),
	 40 : (24402.1063, 46918.1131),
	 41 : (22581.5421, 30650.0972),
	 42 : (21043.4356, 40718.8826),
	 43 : (21598.1665, 35931.2359),
	 44 : (28679.3688, 36758.7136),
	 45 : (39698.5276, 36406.0143),
	 46 : (32345.7724, 36967.5123),
	 47 : (29698.9692, 32168.8611),
	 48 : (23200.36, 32167.2655),
	 49 : (17869.0806, 35038.9472),
	 50 : (25376.8469, 28138.9667),
	 51 : (18679.3541, 36795.0141),
	 52 : (29169.3298, 33633.1535),
	 53 : (22489.8451, 35316.6349),
	 54 : (35337.7709, 34685.4833),
	 55 : (45254.8614, 37711.015),
	 56 : (31157.0712, 33517.6089),
	 57 : (29762.3507, 37046.3699),
	 58 : (23985.5297, 34777.1434),
	 59 : (21914.5509, 32634.1186),
	 60 : (18938.3305, 37870.6512),
	 61 : (38757.952, 34024.7048),
	 62 : (13837.9827, 35641.9191),
	 63 : (41501.0749, 37586.6178),
	 64 : (26522.9883, 47854.1998),
	 65 : (34550.5756, 33300.3402),
	 66 : (37219.8293, 41825.1114),
	 67 : (7495.531, 33698.6818),
	 68 : (33168.3039, 36108.7003),
	 69 : (23607.8309, 45444.7113),
	 70 : (22949.0322, 46418.5578),
}

dist_C2 = {
	(1,2) : 86,
	(1,3) : 149,
	(1,4) : 137,
	(1,5) : 111,
	(1,6) : 160,
	(1,7) : 163,
	(1,8) : 98,
	(1,9) : 128,
	(1,10) : 147,
	(1,11) : 165,
	(1,12) : 156,
	(1,13) : 146,
	(1,14) : 139,
	(1,15) : 130,
	(1,16) : 98,
	(1,17) : 151,
	(1,18) : 19,
	(1,19) : 170,
	(1,20) : 152,
	(1,21) : 148,
	(1,22) : 60,
	(1,23) : 51,
	(1,24) : 195,
	(1,25) : 114,
	(1,26) : 162,
	(1,27) : 11,
	(1,28) : 105,
	(1,29) : 155,
	(1,30) : 180,
	(1,31) : 25,
	(1,32) : 154,
	(1,33) : 138,
	(1,34) : 108,
	(1,35) : 91,
	(1,36) : 227,
	(1,37) : 217,
	(1,38) : 142,
	(1,39) : 146,
	(1,40) : 81,
	(1,41) : 98,
	(1,42) : 11,
	(1,43) : 44,
	(1,44) : 92,
	(1,45) : 200,
	(1,46) : 127,
	(1,47) : 125,
	(1,48) : 85,
	(1,49) : 55,
	(1,50) : 131,
	(1,51) : 35,
	(1,52) : 112,
	(1,53) : 53,
	(1,54) : 162,
	(1,55) : 253,
	(1,56) : 129,
	(1,57) : 102,
	(1,58) : 66,
	(1,59) : 77,
	(1,60) : 24,
	(1,61) : 197,
	(1,62) : 76,
	(1,63) : 216,
	(1,64) : 101,
	(1,65) : 160,
	(1,66) : 172,
	(1,67) : 140,
	(1,68) : 137,
	(1,69) : 64,
	(1,70) : 69,
	(2,1) : 86,
	(2,3) : 118,
	(2,4) : 55,
	(2,5) : 27,
	(2,6) : 124,
	(2,7) : 77,
	(2,8) : 120,
	(2,9) : 107,
	(2,10) : 61,
	(2,11) : 142,
	(2,12) : 77,
	(2,13) : 109,
	(2,14) : 52,
	(2,15) : 61,
	(2,16) : 65,
	(2,17) : 75,
	(2,18) : 104,
	(2,19) : 104,
	(2,20) : 66,
	(2,21) : 82,
	(2,22) : 130,
	(2,23) : 128,
	(2,24) : 131,
	(2,25) : 27,
	(2,26) : 132,
	(2,27) : 76,
	(2,28) : 31,
	(2,29) : 133,
	(2,30) : 115,
	(2,31) : 112,
	(2,32) : 83,
	(2,33) : 108,
	(2,34) : 38,
	(2,35) : 21,
	(2,36) : 163,
	(2,37) : 155,
	(2,38) : 63,
	(2,39) : 195,
	(2,40) : 131,
	(2,41) : 46,
	(2,42) : 84,
	(2,43) : 48,
	(2,44) : 40,
	(2,45) : 139,
	(2,46) : 71,
	(2,47) : 40,
	(2,48) : 32,
	(2,49) : 81,
	(2,50) : 57,
	(2,51) : 78,
	(2,52) : 32,
	(2,53) : 37,
	(2,54) : 94,
	(2,55) : 196,
	(2,56) : 52,
	(2,57) : 49,
	(2,58) : 21,
	(2,59) : 42,
	(2,60) : 81,
	(2,61) : 128,
	(2,62) : 122,
	(2,63) : 159,
	(2,64) : 140,
	(2,65) : 86,
	(2,66) : 138,
	(2,67) : 184,
	(2,68) : 75,
	(2,69) : 118,
	(2,70) : 129,
	(3,1) : 149,
	(3,2) : 118,
	(3,4) : 100,
	(3,5) : 107,
	(3,6) : 11,
	(3,7) : 137,
	(3,8) : 79,
	(3,9) : 22,
	(3,10) : 138,
	(3,11) : 26,
	(3,12) : 95,
	(3,13) : 10,
	(3,14) : 119,
	(3,15) : 72,
	(3,16) : 56,
	(3,17) : 84,
	(3,18) : 168,
	(3,19) : 64,
	(3,20) : 128,
	(3,21) : 62,
	(3,22) : 142,
	(3,23) : 152,
	(3,24) : 73,
	(3,25) : 119,
	(3,26) : 14,
	(3,27) : 147,
	(3,28) : 146,
	(3,29) : 18,
	(3,30) : 67,
	(3,31) : 164,
	(3,32) : 72,
	(3,33) : 11,
	(3,34) : 84,
	(3,35) : 96,
	(3,36) : 96,
	(3,37) : 83,
	(3,38) : 162,
	(3,39) : 292,
	(3,40) : 118,
	(3,41) : 164,
	(3,42) : 138,
	(3,43) : 144,
	(3,44) : 78,
	(3,45) : 69,
	(3,46) : 52,
	(3,47) : 107,
	(3,48) : 149,
	(3,49) : 182,
	(3,50) : 164,
	(3,51) : 169,
	(3,52) : 97,
	(3,53) : 138,
	(3,54) : 68,
	(3,55) : 110,
	(3,56) : 88,
	(3,57) : 68,
	(3,58) : 128,
	(3,59) : 157,
	(3,60) : 163,
	(3,61) : 84,
	(3,62) : 218,
	(3,63) : 76,
	(3,64) : 105,
	(3,65) : 82,
	(3,66) : 23,
	(3,67) : 285,
	(3,68) : 56,
	(3,69) : 119,
	(3,70) : 129,
	(4,1) : 137,
	(4,2) : 55,
	(4,3) : 100,
	(4,5) : 28,
	(4,6) : 101,
	(4,7) : 39,
	(4,8) : 138,
	(4,9) : 100,
	(4,10) : 38,
	(4,11) : 126,
	(4,12) : 21,
	(4,13) : 90,
	(4,14) : 19,
	(4,15) : 27,
	(4,16) : 70,
	(4,17) : 24,
	(4,18) : 157,
	(4,19) : 59,
	(4,20) : 28,
	(4,21) : 41,
	(4,22) : 170,
	(4,23) : 171,
	(4,24) : 83,
	(4,25) : 34,
	(4,26) : 112,
	(4,27) : 128,
	(4,28) : 64,
	(4,29) : 118,
	(4,30) : 68,
	(4,31) : 162,
	(4,32) : 37,
	(4,33) : 94,
	(4,34) : 32,
	(4,35) : 46,
	(4,36) : 113,
	(4,37) : 108,
	(4,38) : 65,
	(4,39) : 249,
	(4,40) : 162,
	(4,41) : 88,
	(4,42) : 133,
	(4,43) : 103,
	(4,44) : 52,
	(4,45) : 94,
	(4,46) : 48,
	(4,47) : 15,
	(4,48) : 80,
	(4,49) : 137,
	(4,50) : 71,
	(4,51) : 134,
	(4,52) : 25,
	(4,53) : 93,
	(4,54) : 47,
	(4,55) : 150,
	(4,56) : 13,
	(4,57) : 50,
	(4,58) : 77,
	(4,59) : 93,
	(4,60) : 135,
	(4,61) : 76,
	(4,62) : 177,
	(4,63) : 115,
	(4,64) : 163,
	(4,65) : 34,
	(4,66) : 113,
	(4,67) : 238,
	(4,68) : 43,
	(4,69) : 153,
	(4,70) : 164,
	(5,1) : 111,
	(5,2) : 27,
	(5,3) : 107,
	(5,4) : 28,
	(5,6) : 111,
	(5,7) : 54,
	(5,8) : 128,
	(5,9) : 101,
	(5,10) : 41,
	(5,11) : 133,
	(5,12) : 50,
	(5,13) : 98,
	(5,14) : 28,
	(5,15) : 39,
	(5,16) : 63,
	(5,17) : 50,
	(5,18) : 130,
	(5,19) : 82,
	(5,20) : 42,
	(5,21) : 61,
	(5,22) : 149,
	(5,23) : 149,
	(5,24) : 108,
	(5,25) : 12,
	(5,26) : 121,
	(5,27) : 102,
	(5,28) : 41,
	(5,29) : 124,
	(5,30) : 92,
	(5,31) : 136,
	(5,32) : 60,
	(5,33) : 99,
	(5,34) : 23,
	(5,35) : 23,
	(5,36) : 139,
	(5,37) : 132,
	(5,38) : 56,
	(5,39) : 221,
	(5,40) : 146,
	(5,41) : 63,
	(5,42) : 108,
	(5,43) : 75,
	(5,44) : 38,
	(5,45) : 117,
	(5,46) : 56,
	(5,47) : 13,
	(5,48) : 53,
	(5,49) : 108,
	(5,50) : 56,
	(5,51) : 105,
	(5,52) : 10,
	(5,53) : 64,
	(5,54) : 70,
	(5,55) : 174,
	(5,56) : 27,
	(5,57) : 43,
	(5,58) : 48,
	(5,59) : 65,
	(5,60) : 107,
	(5,61) : 103,
	(5,62) : 149,
	(5,63) : 138,
	(5,64) : 151,
	(5,65) : 60,
	(5,66) : 124,
	(5,67) : 210,
	(5,68) : 56,
	(5,69) : 134,
	(5,70) : 146,
	(6,1) : 160,
	(6,2) : 124,
	(6,3) : 11,
	(6,4) : 101,
	(6,5) : 111,
	(6,7) : 137,
	(6,8) : 90,
	(6,9) : 34,
	(6,10) : 140,
	(6,11) : 27,
	(6,12) : 94,
	(6,13) : 14,
	(6,14) : 120,
	(6,15) : 74,
	(6,16) : 65,
	(6,17) : 83,
	(6,18) : 179,
	(6,19) : 58,
	(6,20) : 128,
	(6,21) : 61,
	(6,22) : 154,
	(6,23) : 164,
	(6,24) : 64,
	(6,25) : 123,
	(6,26) : 12,
	(6,27) : 157,
	(6,28) : 151,
	(6,29) : 23,
	(6,30) : 60,
	(6,31) : 176,
	(6,32) : 70,
	(6,33) : 21,
	(6,34) : 88,
	(6,35) : 102,
	(6,36) : 86,
	(6,37) : 72,
	(6,38) : 164,
	(6,39) : 302,
	(6,40) : 129,
	(6,41) : 170,
	(6,42) : 149,
	(6,43) : 153,
	(6,44) : 85,
	(6,45) : 59,
	(6,46) : 55,
	(6,47) : 109,
	(6,48) : 156,
	(6,49) : 191,
	(6,50) : 167,
	(6,51) : 178,
	(6,52) : 101,
	(6,53) : 147,
	(6,54) : 64,
	(6,55) : 98,
	(6,56) : 90,
	(6,57) : 74,
	(6,58) : 136,
	(6,59) : 164,
	(6,60) : 173,
	(6,61) : 75,
	(6,62) : 228,
	(6,63) : 65,
	(6,64) : 116,
	(6,65) : 79,
	(6,66) : 13,
	(6,67) : 294,
	(6,68) : 57,
	(6,69) : 131,
	(6,70) : 141,
	(7,1) : 163,
	(7,2) : 77,
	(7,3) : 137,
	(7,4) : 39,
	(7,5) : 54,
	(7,6) : 137,
	(7,8) : 177,
	(7,9) : 140,
	(7,10) : 19,
	(7,11) : 163,
	(7,12) : 44,
	(7,13) : 127,
	(7,14) : 26,
	(7,15) : 66,
	(7,16) : 110,
	(7,17) : 54,
	(7,18) : 181,
	(7,19) : 86,
	(7,20) : 12,
	(7,21) : 76,
	(7,22) : 203,
	(7,23) : 203,
	(7,24) : 105,
	(7,25) : 49,
	(7,26) : 149,
	(7,27) : 153,
	(7,28) : 68,
	(7,29) : 156,
	(7,30) : 93,
	(7,31) : 189,
	(7,32) : 68,
	(7,33) : 132,
	(7,34) : 69,
	(7,35) : 77,
	(7,36) : 130,
	(7,37) : 128,
	(7,38) : 46,
	(7,39) : 256,
	(7,40) : 199,
	(7,41) : 90,
	(7,42) : 161,
	(7,43) : 123,
	(7,44) : 89,
	(7,45) : 117,
	(7,46) : 88,
	(7,47) : 42,
	(7,48) : 90,
	(7,49) : 150,
	(7,50) : 59,
	(7,51) : 152,
	(7,52) : 58,
	(7,53) : 113,
	(7,54) : 76,
	(7,55) : 168,
	(7,56) : 53,
	(7,57) : 89,
	(7,58) : 98,
	(7,59) : 103,
	(7,60) : 156,
	(7,61) : 94,
	(7,62) : 189,
	(7,63) : 138,
	(7,64) : 202,
	(7,65) : 60,
	(7,66) : 148,
	(7,67) : 244,
	(7,68) : 81,
	(7,69) : 188,
	(7,70) : 200,
	(8,1) : 98,
	(8,2) : 120,
	(8,3) : 79,
	(8,4) : 138,
	(8,5) : 128,
	(8,6) : 90,
	(8,7) : 177,
	(8,9) : 57,
	(8,10) : 169,
	(8,11) : 81,
	(8,12) : 146,
	(8,13) : 82,
	(8,14) : 152,
	(8,15) : 114,
	(8,16) : 67,
	(8,17) : 135,
	(8,18) : 112,
	(8,19) : 132,
	(8,20) : 165,
	(8,21) : 119,
	(8,22) : 67,
	(8,23) : 81,
	(8,24) : 149,
	(8,25) : 138,
	(8,26) : 85,
	(8,27) : 102,
	(8,28) : 152,
	(8,29) : 74,
	(8,30) : 139,
	(8,31) : 103,
	(8,32) : 129,
	(8,33) : 71,
	(8,34) : 107,
	(8,35) : 105,
	(8,36) : 175,
	(8,37) : 162,
	(8,38) : 181,
	(8,39) : 243,
	(8,40) : 39,
	(8,41) : 160,
	(8,42) : 87,
	(8,43) : 117,
	(8,44) : 89,
	(8,45) : 147,
	(8,46) : 96,
	(8,47) : 136,
	(8,48) : 144,
	(8,49) : 148,
	(8,50) : 177,
	(8,51) : 130,
	(8,52) : 120,
	(8,53) : 118,
	(8,54) : 131,
	(8,55) : 188,
	(8,56) : 125,
	(8,57) : 87,
	(8,58) : 116,
	(8,59) : 144,
	(8,60) : 121,
	(8,61) : 157,
	(8,62) : 175,
	(8,63) : 155,
	(8,64) : 27,
	(8,65) : 139,
	(8,66) : 98,
	(8,67) : 239,
	(8,68) : 107,
	(8,69) : 45,
	(8,70) : 52,
	(9,1) : 128,
	(9,2) : 107,
	(9,3) : 22,
	(9,4) : 100,
	(9,5) : 101,
	(9,6) : 34,
	(9,7) : 140,
	(9,8) : 57,
	(9,10) : 137,
	(9,11) : 38,
	(9,12) : 101,
	(9,13) : 25,
	(9,14) : 118,
	(9,15) : 73,
	(9,16) : 41,
	(9,17) : 89,
	(9,18) : 146,
	(9,19) : 78,
	(9,20) : 128,
	(9,21) : 69,
	(9,22) : 119,
	(9,23) : 129,
	(9,24) : 92,
	(9,25) : 113,
	(9,26) : 33,
	(9,27) : 127,
	(9,28) : 137,
	(9,29) : 28,
	(9,30) : 83,
	(9,31) : 142,
	(9,32) : 80,
	(9,33) : 14,
	(9,34) : 78,
	(9,35) : 86,
	(9,36) : 118,
	(9,37) : 105,
	(9,38) : 157,
	(9,39) : 273,
	(9,40) : 95,
	(9,41) : 153,
	(9,42) : 117,
	(9,43) : 127,
	(9,44) : 67,
	(9,45) : 90,
	(9,46) : 51,
	(9,47) : 104,
	(9,48) : 137,
	(9,49) : 164,
	(9,50) : 157,
	(9,51) : 150,
	(9,52) : 92,
	(9,53) : 122,
	(9,54) : 78,
	(9,55) : 133,
	(9,56) : 87,
	(9,57) : 58,
	(9,58) : 114,
	(9,59) : 143,
	(9,60) : 144,
	(9,61) : 101,
	(9,62) : 199,
	(9,63) : 98,
	(9,64) : 84,
	(9,65) : 90,
	(9,66) : 45,
	(9,67) : 265,
	(9,68) : 60,
	(9,69) : 96,
	(9,70) : 106,
	(10,1) : 147,
	(10,2) : 61,
	(10,3) : 138,
	(10,4) : 38,
	(10,5) : 41,
	(10,6) : 140,
	(10,7) : 19,
	(10,8) : 169,
	(10,9) : 137,
	(10,11) : 165,
	(10,12) : 52,
	(10,13) : 128,
	(10,14) : 19,
	(10,15) : 65,
	(10,16) : 103,
	(10,17) : 60,
	(10,18) : 164,
	(10,19) : 95,
	(10,20) : 15,
	(10,21) : 80,
	(10,22) : 190,
	(10,23) : 188,
	(10,24) : 116,
	(10,25) : 33,
	(10,26) : 151,
	(10,27) : 136,
	(10,28) : 48,
	(10,29) : 157,
	(10,30) : 102,
	(10,31) : 172,
	(10,32) : 74,
	(10,33) : 132,
	(10,34) : 62,
	(10,35) : 65,
	(10,36) : 143,
	(10,37) : 140,
	(10,38) : 29,
	(10,39) : 237,
	(10,40) : 188,
	(10,41) : 70,
	(10,42) : 145,
	(10,43) : 105,
	(10,44) : 80,
	(10,45) : 128,
	(10,46) : 87,
	(10,47) : 34,
	(10,48) : 70,
	(10,49) : 131,
	(10,50) : 40,
	(10,51) : 133,
	(10,52) : 48,
	(10,53) : 95,
	(10,54) : 83,
	(10,55) : 182,
	(10,56) : 50,
	(10,57) : 82,
	(10,58) : 80,
	(10,59) : 84,
	(10,60) : 138,
	(10,61) : 107,
	(10,62) : 170,
	(10,63) : 149,
	(10,64) : 192,
	(10,65) : 68,
	(10,66) : 152,
	(10,67) : 224,
	(10,68) : 82,
	(10,69) : 176,
	(10,70) : 187,
	(11,1) : 165,
	(11,2) : 142,
	(11,3) : 26,
	(11,4) : 126,
	(11,5) : 133,
	(11,6) : 27,
	(11,7) : 163,
	(11,8) : 81,
	(11,9) : 38,
	(11,10) : 165,
	(11,12) : 120,
	(11,13) : 36,
	(11,14) : 145,
	(11,15) : 99,
	(11,16) : 79,
	(11,17) : 109,
	(11,18) : 182,
	(11,19) : 86,
	(11,20) : 154,
	(11,21) : 87,
	(11,22) : 149,
	(11,23) : 161,
	(11,24) : 88,
	(11,25) : 145,
	(11,26) : 14,
	(11,27) : 165,
	(11,28) : 171,
	(11,29) : 10,
	(11,30) : 87,
	(11,31) : 177,
	(11,32) : 97,
	(11,33) : 34,
	(11,34) : 110,
	(11,35) : 121,
	(11,36) : 105,
	(11,37) : 92,
	(11,38) : 188,
	(11,39) : 310,
	(11,40) : 121,
	(11,41) : 189,
	(11,42) : 154,
	(11,43) : 165,
	(11,44) : 102,
	(11,45) : 82,
	(11,46) : 78,
	(11,47) : 133,
	(11,48) : 174,
	(11,49) : 202,
	(11,50) : 190,
	(11,51) : 188,
	(11,52) : 123,
	(11,53) : 161,
	(11,54) : 91,
	(11,55) : 109,
	(11,56) : 114,
	(11,57) : 93,
	(11,58) : 151,
	(11,59) : 181,
	(11,60) : 182,
	(11,61) : 101,
	(11,62) : 237,
	(11,63) : 82,
	(11,64) : 104,
	(11,65) : 106,
	(11,66) : 22,
	(11,67) : 303,
	(11,68) : 82,
	(11,69) : 126,
	(11,70) : 134,
	(12,1) : 156,
	(12,2) : 77,
	(12,3) : 95,
	(12,4) : 21,
	(12,5) : 50,
	(12,6) : 94,
	(12,7) : 44,
	(12,8) : 146,
	(12,9) : 101,
	(12,10) : 52,
	(12,11) : 120,
	(12,13) : 85,
	(12,14) : 36,
	(12,15) : 31,
	(12,16) : 79,
	(12,17) : 11,
	(12,18) : 176,
	(12,19) : 42,
	(12,20) : 37,
	(12,21) : 32,
	(12,22) : 184,
	(12,23) : 187,
	(12,24) : 64,
	(12,25) : 56,
	(12,26) : 106,
	(12,27) : 148,
	(12,28) : 86,
	(12,29) : 114,
	(12,30) : 50,
	(12,31) : 181,
	(12,32) : 23,
	(12,33) : 92,
	(12,34) : 48,
	(12,35) : 65,
	(12,36) : 93,
	(12,37) : 88,
	(12,38) : 81,
	(12,39) : 271,
	(12,40) : 174,
	(12,41) : 109,
	(12,42) : 151,
	(12,43) : 124,
	(12,44) : 67,
	(12,45) : 75,
	(12,46) : 50,
	(12,47) : 37,
	(12,48) : 102,
	(12,49) : 158,
	(12,50) : 89,
	(12,51) : 155,
	(12,52) : 45,
	(12,53) : 114,
	(12,54) : 32,
	(12,55) : 130,
	(12,56) : 27,
	(12,57) : 62,
	(12,58) : 98,
	(12,59) : 115,
	(12,60) : 156,
	(12,61) : 56,
	(12,62) : 199,
	(12,63) : 97,
	(12,64) : 172,
	(12,65) : 16,
	(12,66) : 104,
	(12,67) : 260,
	(12,68) : 40,
	(12,69) : 166,
	(12,70) : 178,
	(13,1) : 146,
	(13,2) : 109,
	(13,3) : 10,
	(13,4) : 90,
	(13,5) : 98,
	(13,6) : 14,
	(13,7) : 127,
	(13,8) : 82,
	(13,9) : 25,
	(13,10) : 128,
	(13,11) : 36,
	(13,12) : 85,
	(13,14) : 109,
	(13,15) : 62,
	(13,16) : 50,
	(13,17) : 74,
	(13,18) : 165,
	(13,19) : 55,
	(13,20) : 117,
	(13,21) : 52,
	(13,22) : 143,
	(13,23) : 153,
	(13,24) : 67,
	(13,25) : 110,
	(13,26) : 23,
	(13,27) : 143,
	(13,28) : 137,
	(13,29) : 28,
	(13,30) : 59,
	(13,31) : 162,
	(13,32) : 62,
	(13,33) : 10,
	(13,34) : 75,
	(13,35) : 88,
	(13,36) : 93,
	(13,37) : 80,
	(13,38) : 152,
	(13,39) : 288,
	(13,40) : 120,
	(13,41) : 156,
	(13,42) : 136,
	(13,43) : 138,
	(13,44) : 70,
	(13,45) : 65,
	(13,46) : 42,
	(13,47) : 97,
	(13,48) : 141,
	(13,49) : 176,
	(13,50) : 154,
	(13,51) : 164,
	(13,52) : 88,
	(13,53) : 132,
	(13,54) : 58,
	(13,55) : 109,
	(13,56) : 78,
	(13,57) : 60,
	(13,58) : 121,
	(13,59) : 149,
	(13,60) : 159,
	(13,61) : 76,
	(13,62) : 213,
	(13,63) : 74,
	(13,64) : 109,
	(13,65) : 72,
	(13,66) : 28,
	(13,67) : 280,
	(13,68) : 46,
	(13,69) : 120,
	(13,70) : 131,
	(14,1) : 139,
	(14,2) : 52,
	(14,3) : 119,
	(14,4) : 19,
	(14,5) : 28,
	(14,6) : 120,
	(14,7) : 26,
	(14,8) : 152,
	(14,9) : 118,
	(14,10) : 19,
	(14,11) : 145,
	(14,12) : 36,
	(14,13) : 109,
	(14,15) : 46,
	(14,16) : 85,
	(14,17) : 42,
	(14,18) : 157,
	(14,19) : 77,
	(14,20) : 14,
	(14,21) : 61,
	(14,22) : 177,
	(14,23) : 177,
	(14,24) : 100,
	(14,25) : 25,
	(14,26) : 131,
	(14,27) : 129,
	(14,28) : 52,
	(14,29) : 137,
	(14,30) : 86,
	(14,31) : 164,
	(14,32) : 55,
	(14,33) : 112,
	(14,34) : 44,
	(14,35) : 51,
	(14,36) : 129,
	(14,37) : 125,
	(14,38) : 46,
	(14,39) : 240,
	(14,40) : 173,
	(14,41) : 75,
	(14,42) : 136,
	(14,43) : 100,
	(14,44) : 63,
	(14,45) : 111,
	(14,46) : 67,
	(14,47) : 16,
	(14,48) : 71,
	(14,49) : 130,
	(14,50) : 53,
	(14,51) : 130,
	(14,52) : 31,
	(14,53) : 89,
	(14,54) : 66,
	(14,55) : 167,
	(14,56) : 30,
	(14,57) : 64,
	(14,58) : 74,
	(14,59) : 84,
	(14,60) : 133,
	(14,61) : 92,
	(14,62) : 170,
	(14,63) : 133,
	(14,64) : 176,
	(14,65) : 51,
	(14,66) : 132,
	(14,67) : 228,
	(14,68) : 62,
	(14,69) : 162,
	(14,70) : 173,
	(15,1) : 130,
	(15,2) : 61,
	(15,3) : 72,
	(15,4) : 27,
	(15,5) : 39,
	(15,6) : 74,
	(15,7) : 66,
	(15,8) : 114,
	(15,9) : 73,
	(15,10) : 65,
	(15,11) : 99,
	(15,12) : 31,
	(15,13) : 62,
	(15,14) : 46,
	(15,16) : 47,
	(15,17) : 22,
	(15,18) : 150,
	(15,19) : 44,
	(15,20) : 55,
	(15,21) : 21,
	(15,22) : 153,
	(15,23) : 157,
	(15,24) : 70,
	(15,25) : 50,
	(15,26) : 85,
	(15,27) : 123,
	(15,28) : 81,
	(15,29) : 91,
	(15,30) : 54,
	(15,31) : 153,
	(15,32) : 24,
	(15,33) : 66,
	(15,34) : 24,
	(15,35) : 42,
	(15,36) : 102,
	(15,37) : 94,
	(15,38) : 90,
	(15,39) : 255,
	(15,40) : 142,
	(15,41) : 102,
	(15,42) : 124,
	(15,43) : 104,
	(15,44) : 38,
	(15,45) : 78,
	(15,46) : 21,
	(15,47) : 35,
	(15,48) : 91,
	(15,49) : 141,
	(15,50) : 94,
	(15,51) : 134,
	(15,52) : 30,
	(15,53) : 94,
	(15,54) : 33,
	(15,55) : 135,
	(15,56) : 15,
	(15,57) : 31,
	(15,58) : 79,
	(15,59) : 103,
	(15,60) : 133,
	(15,61) : 68,
	(15,62) : 181,
	(15,63) : 99,
	(15,64) : 141,
	(15,65) : 30,
	(15,66) : 87,
	(15,67) : 245,
	(15,68) : 17,
	(15,69) : 135,
	(15,70) : 146,
	(16,1) : 98,
	(16,2) : 65,
	(16,3) : 56,
	(16,4) : 70,
	(16,5) : 63,
	(16,6) : 65,
	(16,7) : 110,
	(16,8) : 67,
	(16,9) : 41,
	(16,10) : 103,
	(16,11) : 79,
	(16,12) : 79,
	(16,13) : 50,
	(16,14) : 85,
	(16,15) : 47,
	(16,17) : 69,
	(16,18) : 118,
	(16,19) : 76,
	(16,20) : 97,
	(16,21) : 57,
	(16,22) : 108,
	(16,23) : 114,
	(16,24) : 99,
	(16,25) : 75,
	(16,26) : 70,
	(16,27) : 94,
	(16,28) : 96,
	(16,29) : 69,
	(16,30) : 85,
	(16,31) : 117,
	(16,32) : 66,
	(16,33) : 45,
	(16,34) : 41,
	(16,35) : 45,
	(16,36) : 130,
	(16,37) : 119,
	(16,38) : 119,
	(16,39) : 237,
	(16,40) : 94,
	(16,41) : 111,
	(16,42) : 89,
	(16,43) : 88,
	(16,44) : 26,
	(16,45) : 102,
	(16,46) : 33,
	(16,47) : 69,
	(16,48) : 95,
	(16,49) : 126,
	(16,50) : 118,
	(16,51) : 113,
	(16,52) : 55,
	(16,53) : 82,
	(16,54) : 70,
	(16,55) : 155,
	(16,56) : 57,
	(16,57) : 20,
	(16,58) : 72,
	(16,59) : 102,
	(16,60) : 109,
	(16,61) : 102,
	(16,62) : 163,
	(16,63) : 117,
	(16,64) : 93,
	(16,65) : 74,
	(16,66) : 78,
	(16,67) : 229,
	(16,68) : 45,
	(16,69) : 88,
	(16,70) : 100,
	(17,1) : 151,
	(17,2) : 75,
	(17,3) : 84,
	(17,4) : 24,
	(17,5) : 50,
	(17,6) : 83,
	(17,7) : 54,
	(17,8) : 135,
	(17,9) : 89,
	(17,10) : 60,
	(17,11) : 109,
	(17,12) : 11,
	(17,13) : 74,
	(17,14) : 42,
	(17,15) : 22,
	(17,16) : 69,
	(17,18) : 171,
	(17,19) : 35,
	(17,20) : 46,
	(17,21) : 21,
	(17,22) : 176,
	(17,23) : 180,
	(17,24) : 59,
	(17,25) : 58,
	(17,26) : 95,
	(17,27) : 143,
	(17,28) : 88,
	(17,29) : 103,
	(17,30) : 43,
	(17,31) : 175,
	(17,32) : 13,
	(17,33) : 80,
	(17,34) : 43,
	(17,35) : 61,
	(17,36) : 89,
	(17,37) : 83,
	(17,38) : 88,
	(17,39) : 271,
	(17,40) : 164,
	(17,41) : 112,
	(17,42) : 145,
	(17,43) : 122,
	(17,44) : 60,
	(17,45) : 69,
	(17,46) : 39,
	(17,47) : 39,
	(17,48) : 103,
	(17,49) : 157,
	(17,50) : 95,
	(17,51) : 152,
	(17,52) : 43,
	(17,53) : 112,
	(17,54) : 23,
	(17,55) : 125,
	(17,56) : 23,
	(17,57) : 53,
	(17,58) : 96,
	(17,59) : 116,
	(17,60) : 153,
	(17,61) : 53,
	(17,62) : 198,
	(17,63) : 91,
	(17,64) : 162,
	(17,65) : 10,
	(17,66) : 93,
	(17,67) : 260,
	(17,68) : 29,
	(17,69) : 157,
	(17,70) : 169,
	(18,1) : 19,
	(18,2) : 104,
	(18,3) : 168,
	(18,4) : 157,
	(18,5) : 130,
	(18,6) : 179,
	(18,7) : 181,
	(18,8) : 112,
	(18,9) : 146,
	(18,10) : 164,
	(18,11) : 182,
	(18,12) : 176,
	(18,13) : 165,
	(18,14) : 157,
	(18,15) : 150,
	(18,16) : 118,
	(18,17) : 171,
	(18,19) : 190,
	(18,20) : 170,
	(18,21) : 168,
	(18,22) : 62,
	(18,23) : 48,
	(18,24) : 215,
	(18,25) : 132,
	(18,26) : 180,
	(18,27) : 28,
	(18,28) : 120,
	(18,29) : 173,
	(18,30) : 200,
	(18,31) : 14,
	(18,32) : 174,
	(18,33) : 157,
	(18,34) : 128,
	(18,35) : 111,
	(18,36) : 247,
	(18,37) : 236,
	(18,38) : 157,
	(18,39) : 131,
	(18,40) : 88,
	(18,41) : 110,
	(18,42) : 29,
	(18,43) : 59,
	(18,44) : 112,
	(18,45) : 220,
	(18,46) : 147,
	(18,47) : 144,
	(18,48) : 99,
	(18,49) : 57,
	(18,50) : 145,
	(18,51) : 39,
	(18,52) : 131,
	(18,53) : 69,
	(18,54) : 182,
	(18,55) : 273,
	(18,56) : 149,
	(18,57) : 122,
	(18,58) : 83,
	(18,59) : 89,
	(18,60) : 29,
	(18,61) : 217,
	(18,62) : 66,
	(18,63) : 235,
	(18,64) : 109,
	(18,65) : 180,
	(18,66) : 191,
	(18,67) : 127,
	(18,68) : 157,
	(18,69) : 72,
	(18,70) : 74,
	(19,1) : 170,
	(19,2) : 104,
	(19,3) : 64,
	(19,4) : 59,
	(19,5) : 82,
	(19,6) : 58,
	(19,7) : 86,
	(19,8) : 132,
	(19,9) : 78,
	(19,10) : 95,
	(19,11) : 86,
	(19,12) : 42,
	(19,13) : 55,
	(19,14) : 77,
	(19,15) : 44,
	(19,16) : 76,
	(19,17) : 35,
	(19,18) : 190,
	(19,20) : 80,
	(19,21) : 22,
	(19,22) : 184,
	(19,23) : 190,
	(19,24) : 26,
	(19,25) : 91,
	(19,26) : 71,
	(19,27) : 164,
	(19,28) : 122,
	(19,29) : 81,
	(19,30) : 10,
	(19,31) : 192,
	(19,32) : 22,
	(19,33) : 65,
	(19,34) : 67,
	(19,35) : 86,
	(19,36) : 59,
	(19,37) : 50,
	(19,38) : 123,
	(19,39) : 299,
	(19,40) : 167,
	(19,41) : 145,
	(19,42) : 162,
	(19,43) : 147,
	(19,44) : 78,
	(19,45) : 35,
	(19,46) : 43,
	(19,47) : 73,
	(19,48) : 135,
	(19,49) : 184,
	(19,50) : 130,
	(19,51) : 177,
	(19,52) : 73,
	(19,53) : 138,
	(19,54) : 11,
	(19,55) : 92,
	(19,56) : 54,
	(19,57) : 68,
	(19,58) : 123,
	(19,59) : 146,
	(19,60) : 176,
	(19,61) : 26,
	(19,62) : 225,
	(19,63) : 56,
	(19,64) : 159,
	(19,65) : 26,
	(19,66) : 66,
	(19,67) : 289,
	(19,68) : 33,
	(19,69) : 163,
	(19,70) : 174,
	(20,1) : 152,
	(20,2) : 66,
	(20,3) : 128,
	(20,4) : 28,
	(20,5) : 42,
	(20,6) : 128,
	(20,7) : 12,
	(20,8) : 165,
	(20,9) : 128,
	(20,10) : 15,
	(20,11) : 154,
	(20,12) : 37,
	(20,13) : 117,
	(20,14) : 14,
	(20,15) : 55,
	(20,16) : 97,
	(20,17) : 46,
	(20,18) : 170,
	(20,19) : 80,
	(20,21) : 67,
	(20,22) : 191,
	(20,23) : 191,
	(20,24) : 101,
	(20,25) : 38,
	(20,26) : 139,
	(20,27) : 142,
	(20,28) : 60,
	(20,29) : 146,
	(20,30) : 87,
	(20,31) : 178,
	(20,32) : 60,
	(20,33) : 122,
	(20,34) : 57,
	(20,35) : 65,
	(20,36) : 128,
	(20,37) : 124,
	(20,38) : 45,
	(20,39) : 249,
	(20,40) : 187,
	(20,41) : 83,
	(20,42) : 150,
	(20,43) : 113,
	(20,44) : 77,
	(20,45) : 112,
	(20,46) : 77,
	(20,47) : 30,
	(20,48) : 81,
	(20,49) : 141,
	(20,50) : 56,
	(20,51) : 142,
	(20,52) : 45,
	(20,53) : 102,
	(20,54) : 69,
	(20,55) : 166,
	(20,56) : 41,
	(20,57) : 77,
	(20,58) : 87,
	(20,59) : 95,
	(20,60) : 146,
	(20,61) : 91,
	(20,62) : 181,
	(20,63) : 134,
	(20,64) : 189,
	(20,65) : 53,
	(20,66) : 139,
	(20,67) : 237,
	(20,68) : 71,
	(20,69) : 176,
	(20,70) : 187,
	(21,1) : 148,
	(21,2) : 82,
	(21,3) : 62,
	(21,4) : 41,
	(21,5) : 61,
	(21,6) : 61,
	(21,7) : 76,
	(21,8) : 119,
	(21,9) : 69,
	(21,10) : 80,
	(21,11) : 87,
	(21,12) : 32,
	(21,13) : 52,
	(21,14) : 61,
	(21,15) : 21,
	(21,16) : 57,
	(21,17) : 21,
	(21,18) : 168,
	(21,19) : 22,
	(21,20) : 67,
	(21,22) : 166,
	(21,23) : 171,
	(21,24) : 49,
	(21,25) : 71,
	(21,26) : 73,
	(21,27) : 142,
	(21,28) : 101,
	(21,29) : 81,
	(21,30) : 33,
	(21,31) : 171,
	(21,32) : 10,
	(21,33) : 59,
	(21,34) : 45,
	(21,35) : 64,
	(21,36) : 81,
	(21,37) : 73,
	(21,38) : 107,
	(21,39) : 276,
	(21,40) : 151,
	(21,41) : 124,
	(21,42) : 141,
	(21,43) : 125,
	(21,44) : 56,
	(21,45) : 57,
	(21,46) : 24,
	(21,47) : 54,
	(21,48) : 113,
	(21,49) : 162,
	(21,50) : 112,
	(21,51) : 155,
	(21,52) : 52,
	(21,53) : 116,
	(21,54) : 13,
	(21,55) : 114,
	(21,56) : 34,
	(21,57) : 46,
	(21,58) : 101,
	(21,59) : 124,
	(21,60) : 153,
	(21,61) : 48,
	(21,62) : 202,
	(21,63) : 77,
	(21,64) : 146,
	(21,65) : 20,
	(21,66) : 72,
	(21,67) : 266,
	(21,68) : 12,
	(21,69) : 146,
	(21,70) : 157,
	(22,1) : 60,
	(22,2) : 130,
	(22,3) : 142,
	(22,4) : 170,
	(22,5) : 149,
	(22,6) : 154,
	(22,7) : 203,
	(22,8) : 67,
	(22,9) : 119,
	(22,10) : 190,
	(22,11) : 149,
	(22,12) : 184,
	(22,13) : 143,
	(22,14) : 177,
	(22,15) : 153,
	(22,16) : 108,
	(22,17) : 176,
	(22,18) : 62,
	(22,19) : 184,
	(22,20) : 191,
	(22,21) : 166,
	(22,23) : 15,
	(22,24) : 205,
	(22,25) : 156,
	(22,26) : 151,
	(22,27) : 70,
	(22,28) : 156,
	(22,29) : 141,
	(22,30) : 193,
	(22,31) : 48,
	(22,32) : 174,
	(22,33) : 133,
	(22,34) : 137,
	(22,35) : 126,
	(22,36) : 235,
	(22,37) : 222,
	(22,38) : 192,
	(22,39) : 187,
	(22,40) : 31,
	(22,41) : 154,
	(22,42) : 53,
	(22,43) : 100,
	(22,44) : 117,
	(22,45) : 206,
	(22,46) : 142,
	(22,47) : 161,
	(22,48) : 139,
	(22,49) : 115,
	(22,50) : 183,
	(22,51) : 96,
	(22,52) : 146,
	(22,53) : 107,
	(22,54) : 179,
	(22,55) : 252,
	(22,56) : 158,
	(22,57) : 122,
	(22,58) : 115,
	(22,59) : 134,
	(22,60) : 85,
	(22,61) : 210,
	(22,62) : 128,
	(22,63) : 217,
	(22,64) : 54,
	(22,65) : 182,
	(22,66) : 163,
	(22,67) : 185,
	(22,68) : 153,
	(22,69) : 22,
	(22,70) : 15,
	(23,1) : 51,
	(23,2) : 128,
	(23,3) : 152,
	(23,4) : 171,
	(23,5) : 149,
	(23,6) : 164,
	(23,7) : 203,
	(23,8) : 81,
	(23,9) : 129,
	(23,10) : 188,
	(23,11) : 161,
	(23,12) : 187,
	(23,13) : 153,
	(23,14) : 177,
	(23,15) : 157,
	(23,16) : 114,
	(23,17) : 180,
	(23,18) : 48,
	(23,19) : 190,
	(23,20) : 191,
	(23,21) : 171,
	(23,22) : 15,
	(23,24) : 213,
	(23,25) : 155,
	(23,26) : 162,
	(23,27) : 61,
	(23,28) : 152,
	(23,29) : 152,
	(23,30) : 200,
	(23,31) : 34,
	(23,32) : 179,
	(23,33) : 143,
	(23,34) : 139,
	(23,35) : 126,
	(23,36) : 243,
	(23,37) : 231,
	(23,38) : 188,
	(23,39) : 172,
	(23,40) : 46,
	(23,41) : 147,
	(23,42) : 45,
	(23,43) : 94,
	(23,44) : 120,
	(23,45) : 215,
	(23,46) : 147,
	(23,47) : 162,
	(23,48) : 134,
	(23,49) : 104,
	(23,50) : 178,
	(23,51) : 85,
	(23,52) : 147,
	(23,53) : 101,
	(23,54) : 185,
	(23,55) : 262,
	(23,56) : 161,
	(23,57) : 126,
	(23,58) : 111,
	(23,59) : 127,
	(23,60) : 74,
	(23,61) : 217,
	(23,62) : 114,
	(23,63) : 227,
	(23,64) : 69,
	(23,65) : 187,
	(23,66) : 174,
	(23,67) : 170,
	(23,68) : 159,
	(23,69) : 35,
	(23,70) : 31,
	(24,1) : 195,
	(24,2) : 131,
	(24,3) : 73,
	(24,4) : 83,
	(24,5) : 108,
	(24,6) : 64,
	(24,7) : 105,
	(24,8) : 149,
	(24,9) : 92,
	(24,10) : 116,
	(24,11) : 88,
	(24,12) : 64,
	(24,13) : 67,
	(24,14) : 100,
	(24,15) : 70,
	(24,16) : 99,
	(24,17) : 59,
	(24,18) : 215,
	(24,19) : 26,
	(24,20) : 101,
	(24,21) : 49,
	(24,22) : 205,
	(24,23) : 213,
	(24,25) : 116,
	(24,26) : 75,
	(24,27) : 189,
	(24,28) : 147,
	(24,29) : 87,
	(24,30) : 15,
	(24,31) : 216,
	(24,32) : 48,
	(24,33) : 77,
	(24,34) : 94,
	(24,35) : 113,
	(24,36) : 32,
	(24,37) : 24,
	(24,38) : 146,
	(24,39) : 325,
	(24,40) : 185,
	(24,41) : 171,
	(24,42) : 187,
	(24,43) : 174,
	(24,44) : 104,
	(24,45) : 12,
	(24,46) : 68,
	(24,47) : 98,
	(24,48) : 161,
	(24,49) : 211,
	(24,50) : 154,
	(24,51) : 203,
	(24,52) : 100,
	(24,53) : 165,
	(24,54) : 37,
	(24,55) : 66,
	(24,56) : 80,
	(24,57) : 93,
	(24,58) : 150,
	(24,59) : 173,
	(24,60) : 202,
	(24,61) : 14,
	(24,62) : 251,
	(24,63) : 33,
	(24,64) : 176,
	(24,65) : 49,
	(24,66) : 66,
	(24,67) : 315,
	(24,68) : 58,
	(24,69) : 183,
	(24,70) : 194,
	(25,1) : 114,
	(25,2) : 27,
	(25,3) : 119,
	(25,4) : 34,
	(25,5) : 12,
	(25,6) : 123,
	(25,7) : 49,
	(25,8) : 138,
	(25,9) : 113,
	(25,10) : 33,
	(25,11) : 145,
	(25,12) : 56,
	(25,13) : 110,
	(25,14) : 25,
	(25,15) : 50,
	(25,16) : 75,
	(25,17) : 58,
	(25,18) : 132,
	(25,19) : 91,
	(25,20) : 38,
	(25,21) : 71,
	(25,22) : 156,
	(25,23) : 155,
	(25,24) : 116,
	(25,26) : 133,
	(25,27) : 104,
	(25,28) : 31,
	(25,29) : 137,
	(25,30) : 101,
	(25,31) : 140,
	(25,32) : 69,
	(25,33) : 111,
	(25,34) : 35,
	(25,35) : 32,
	(25,36) : 147,
	(25,37) : 141,
	(25,38) : 44,
	(25,39) : 216,
	(25,40) : 155,
	(25,41) : 54,
	(25,42) : 112,
	(25,43) : 75,
	(25,44) : 50,
	(25,45) : 126,
	(25,46) : 68,
	(25,47) : 18,
	(25,48) : 46,
	(25,49) : 105,
	(25,50) : 44,
	(25,51) : 104,
	(25,52) : 22,
	(25,53) : 64,
	(25,54) : 79,
	(25,55) : 183,
	(25,56) : 36,
	(25,57) : 55,
	(25,58) : 48,
	(25,59) : 60,
	(25,60) : 108,
	(25,61) : 111,
	(25,62) : 145,
	(25,63) : 147,
	(25,64) : 160,
	(25,65) : 68,
	(25,66) : 136,
	(25,67) : 204,
	(25,68) : 68,
	(25,69) : 142,
	(25,70) : 154,
	(26,1) : 162,
	(26,2) : 132,
	(26,3) : 14,
	(26,4) : 112,
	(26,5) : 121,
	(26,6) : 12,
	(26,7) : 149,
	(26,8) : 85,
	(26,9) : 33,
	(26,10) : 151,
	(26,11) : 14,
	(26,12) : 106,
	(26,13) : 23,
	(26,14) : 131,
	(26,15) : 85,
	(26,16) : 70,
	(26,17) : 95,
	(26,18) : 180,
	(26,19) : 71,
	(26,20) : 139,
	(26,21) : 73,
	(26,22) : 151,
	(26,23) : 162,
	(26,24) : 75,
	(26,25) : 133,
	(26,27) : 160,
	(26,28) : 160,
	(26,29) : 13,
	(26,30) : 72,
	(26,31) : 176,
	(26,32) : 82,
	(26,33) : 24,
	(26,34) : 98,
	(26,35) : 110,
	(26,36) : 94,
	(26,37) : 81,
	(26,38) : 175,
	(26,39) : 306,
	(26,40) : 125,
	(26,41) : 178,
	(26,42) : 151,
	(26,43) : 158,
	(26,44) : 92,
	(26,45) : 69,
	(26,46) : 65,
	(26,47) : 120,
	(26,48) : 164,
	(26,49) : 196,
	(26,50) : 177,
	(26,51) : 182,
	(26,52) : 111,
	(26,53) : 153,
	(26,54) : 77,
	(26,55) : 102,
	(26,56) : 101,
	(26,57) : 82,
	(26,58) : 142,
	(26,59) : 171,
	(26,60) : 177,
	(26,61) : 87,
	(26,62) : 232,
	(26,63) : 72,
	(26,64) : 110,
	(26,65) : 91,
	(26,66) : 12,
	(26,67) : 298,
	(26,68) : 68,
	(26,69) : 128,
	(26,70) : 137,
	(27,1) : 11,
	(27,2) : 76,
	(27,3) : 147,
	(27,4) : 128,
	(27,5) : 102,
	(27,6) : 157,
	(27,7) : 153,
	(27,8) : 102,
	(27,9) : 127,
	(27,10) : 136,
	(27,11) : 165,
	(27,12) : 148,
	(27,13) : 143,
	(27,14) : 129,
	(27,15) : 123,
	(27,16) : 94,
	(27,17) : 143,
	(27,18) : 28,
	(27,19) : 164,
	(27,20) : 142,
	(27,21) : 142,
	(27,22) : 70,
	(27,23) : 61,
	(27,24) : 189,
	(27,25) : 104,
	(27,26) : 160,
	(27,28) : 94,
	(27,29) : 155,
	(27,30) : 174,
	(27,31) : 36,
	(27,32) : 147,
	(27,33) : 136,
	(27,34) : 100,
	(27,35) : 83,
	(27,36) : 222,
	(27,37) : 211,
	(27,38) : 131,
	(27,39) : 145,
	(27,40) : 88,
	(27,41) : 86,
	(27,42) : 18,
	(27,43) : 33,
	(27,44) : 86,
	(27,45) : 195,
	(27,46) : 121,
	(27,47) : 115,
	(27,48) : 74,
	(27,49) : 47,
	(27,50) : 120,
	(27,51) : 28,
	(27,52) : 103,
	(27,53) : 42,
	(27,54) : 155,
	(27,55) : 249,
	(27,56) : 121,
	(27,57) : 96,
	(27,58) : 55,
	(27,59) : 65,
	(27,60) : 18,
	(27,61) : 190,
	(27,62) : 73,
	(27,63) : 211,
	(27,64) : 107,
	(27,65) : 153,
	(27,66) : 170,
	(27,67) : 139,
	(27,68) : 131,
	(27,69) : 71,
	(27,70) : 78,
	(28,1) : 105,
	(28,2) : 31,
	(28,3) : 146,
	(28,4) : 64,
	(28,5) : 41,
	(28,6) : 151,
	(28,7) : 68,
	(28,8) : 152,
	(28,9) : 137,
	(28,10) : 48,
	(28,11) : 171,
	(28,12) : 86,
	(28,13) : 137,
	(28,14) : 52,
	(28,15) : 81,
	(28,16) : 96,
	(28,17) : 88,
	(28,18) : 120,
	(28,19) : 122,
	(28,20) : 60,
	(28,21) : 101,
	(28,22) : 156,
	(28,23) : 152,
	(28,24) : 147,
	(28,25) : 31,
	(28,26) : 160,
	(28,27) : 94,
	(28,29) : 162,
	(28,30) : 132,
	(28,31) : 130,
	(28,32) : 100,
	(28,33) : 137,
	(28,34) : 62,
	(28,35) : 51,
	(28,36) : 178,
	(28,37) : 172,
	(28,38) : 36,
	(28,39) : 189,
	(28,40) : 161,
	(28,41) : 23,
	(28,42) : 106,
	(28,43) : 61,
	(28,44) : 70,
	(28,45) : 157,
	(28,46) : 96,
	(28,47) : 49,
	(28,48) : 22,
	(28,49) : 82,
	(28,50) : 27,
	(28,51) : 86,
	(28,52) : 50,
	(28,53) : 51,
	(28,54) : 110,
	(28,55) : 214,
	(28,56) : 67,
	(28,57) : 78,
	(28,58) : 40,
	(28,59) : 35,
	(28,60) : 92,
	(28,61) : 141,
	(28,62) : 121,
	(28,63) : 178,
	(28,64) : 171,
	(28,65) : 99,
	(28,66) : 164,
	(28,67) : 176,
	(28,68) : 97,
	(28,69) : 147,
	(28,70) : 157,
	(29,1) : 155,
	(29,2) : 133,
	(29,3) : 18,
	(29,4) : 118,
	(29,5) : 124,
	(29,6) : 23,
	(29,7) : 156,
	(29,8) : 74,
	(29,9) : 28,
	(29,10) : 157,
	(29,11) : 10,
	(29,12) : 114,
	(29,13) : 28,
	(29,14) : 137,
	(29,15) : 91,
	(29,16) : 69,
	(29,17) : 103,
	(29,18) : 173,
	(29,19) : 81,
	(29,20) : 146,
	(29,21) : 81,
	(29,22) : 141,
	(29,23) : 152,
	(29,24) : 87,
	(29,25) : 137,
	(29,26) : 13,
	(29,27) : 155,
	(29,28) : 162,
	(29,30) : 84,
	(29,31) : 168,
	(29,32) : 91,
	(29,33) : 25,
	(29,34) : 101,
	(29,35) : 111,
	(29,36) : 107,
	(29,37) : 94,
	(29,38) : 179,
	(29,39) : 300,
	(29,40) : 114,
	(29,41) : 179,
	(29,42) : 144,
	(29,43) : 155,
	(29,44) : 93,
	(29,45) : 82,
	(29,46) : 70,
	(29,47) : 125,
	(29,48) : 164,
	(29,49) : 192,
	(29,50) : 181,
	(29,51) : 178,
	(29,52) : 114,
	(29,53) : 150,
	(29,54) : 86,
	(29,55) : 114,
	(29,56) : 106,
	(29,57) : 83,
	(29,58) : 141,
	(29,59) : 171,
	(29,60) : 172,
	(29,61) : 99,
	(29,62) : 227,
	(29,63) : 85,
	(29,64) : 98,
	(29,65) : 100,
	(29,66) : 24,
	(29,67) : 293,
	(29,68) : 75,
	(29,69) : 118,
	(29,70) : 126,
	(30,1) : 180,
	(30,2) : 115,
	(30,3) : 67,
	(30,4) : 68,
	(30,5) : 92,
	(30,6) : 60,
	(30,7) : 93,
	(30,8) : 139,
	(30,9) : 83,
	(30,10) : 102,
	(30,11) : 87,
	(30,12) : 50,
	(30,13) : 59,
	(30,14) : 86,
	(30,15) : 54,
	(30,16) : 85,
	(30,17) : 43,
	(30,18) : 200,
	(30,19) : 10,
	(30,20) : 87,
	(30,21) : 33,
	(30,22) : 193,
	(30,23) : 200,
	(30,24) : 15,
	(30,25) : 101,
	(30,26) : 72,
	(30,27) : 174,
	(30,28) : 132,
	(30,29) : 84,
	(30,31) : 202,
	(30,32) : 32,
	(30,33) : 70,
	(30,34) : 78,
	(30,35) : 97,
	(30,36) : 48,
	(30,37) : 40,
	(30,38) : 131,
	(30,39) : 309,
	(30,40) : 175,
	(30,41) : 155,
	(30,42) : 172,
	(30,43) : 158,
	(30,44) : 88,
	(30,45) : 25,
	(30,46) : 53,
	(30,47) : 83,
	(30,48) : 145,
	(30,49) : 195,
	(30,50) : 139,
	(30,51) : 188,
	(30,52) : 84,
	(30,53) : 149,
	(30,54) : 21,
	(30,55) : 82,
	(30,56) : 64,
	(30,57) : 78,
	(30,58) : 134,
	(30,59) : 157,
	(30,60) : 186,
	(30,61) : 17,
	(30,62) : 235,
	(30,63) : 47,
	(30,64) : 166,
	(30,65) : 34,
	(30,66) : 66,
	(30,67) : 299,
	(30,68) : 43,
	(30,69) : 171,
	(30,70) : 183,
	(31,1) : 25,
	(31,2) : 112,
	(31,3) : 164,
	(31,4) : 162,
	(31,5) : 136,
	(31,6) : 176,
	(31,7) : 189,
	(31,8) : 103,
	(31,9) : 142,
	(31,10) : 172,
	(31,11) : 177,
	(31,12) : 181,
	(31,13) : 162,
	(31,14) : 164,
	(31,15) : 153,
	(31,16) : 117,
	(31,17) : 175,
	(31,18) : 14,
	(31,19) : 192,
	(31,20) : 178,
	(31,21) : 171,
	(31,22) : 48,
	(31,23) : 34,
	(31,24) : 216,
	(31,25) : 140,
	(31,26) : 176,
	(31,27) : 36,
	(31,28) : 130,
	(31,29) : 168,
	(31,30) : 202,
	(31,32) : 177,
	(31,33) : 154,
	(31,34) : 132,
	(31,35) : 116,
	(31,36) : 248,
	(31,37) : 236,
	(31,38) : 167,
	(31,39) : 141,
	(31,40) : 76,
	(31,41) : 122,
	(31,42) : 29,
	(31,43) : 69,
	(31,44) : 115,
	(31,45) : 220,
	(31,46) : 148,
	(31,47) : 150,
	(31,48) : 110,
	(31,49) : 71,
	(31,50) : 156,
	(31,51) : 53,
	(31,52) : 137,
	(31,53) : 79,
	(31,54) : 184,
	(31,55) : 271,
	(31,56) : 153,
	(31,57) : 124,
	(31,58) : 92,
	(31,59) : 101,
	(31,60) : 43,
	(31,61) : 218,
	(31,62) : 79,
	(31,63) : 235,
	(31,64) : 98,
	(31,65) : 183,
	(31,66) : 187,
	(31,67) : 138,
	(31,68) : 159,
	(31,69) : 61,
	(31,70) : 62,
	(32,1) : 154,
	(32,2) : 83,
	(32,3) : 72,
	(32,4) : 37,
	(32,5) : 60,
	(32,6) : 70,
	(32,7) : 68,
	(32,8) : 129,
	(32,9) : 80,
	(32,10) : 74,
	(32,11) : 97,
	(32,12) : 23,
	(32,13) : 62,
	(32,14) : 55,
	(32,15) : 24,
	(32,16) : 66,
	(32,17) : 13,
	(32,18) : 174,
	(32,19) : 22,
	(32,20) : 60,
	(32,21) : 10,
	(32,22) : 174,
	(32,23) : 179,
	(32,24) : 48,
	(32,25) : 69,
	(32,26) : 82,
	(32,27) : 147,
	(32,28) : 100,
	(32,29) : 91,
	(32,30) : 32,
	(32,31) : 177,
	(32,33) : 69,
	(32,34) : 48,
	(32,35) : 66,
	(32,36) : 79,
	(32,37) : 72,
	(32,38) : 101,
	(32,39) : 279,
	(32,40) : 160,
	(32,41) : 123,
	(32,42) : 147,
	(32,43) : 128,
	(32,44) : 61,
	(32,45) : 57,
	(32,46) : 33,
	(32,47) : 51,
	(32,48) : 113,
	(32,49) : 164,
	(32,50) : 108,
	(32,51) : 158,
	(32,52) : 52,
	(32,53) : 118,
	(32,54) : 10,
	(32,55) : 114,
	(32,56) : 32,
	(32,57) : 53,
	(32,58) : 103,
	(32,59) : 125,
	(32,60) : 158,
	(32,61) : 44,
	(32,62) : 205,
	(32,63) : 78,
	(32,64) : 156,
	(32,65) : 10,
	(32,66) : 80,
	(32,67) : 268,
	(32,68) : 21,
	(32,69) : 154,
	(32,70) : 166,
	(33,1) : 138,
	(33,2) : 108,
	(33,3) : 11,
	(33,4) : 94,
	(33,5) : 99,
	(33,6) : 21,
	(33,7) : 132,
	(33,8) : 71,
	(33,9) : 14,
	(33,10) : 132,
	(33,11) : 34,
	(33,12) : 92,
	(33,13) : 10,
	(33,14) : 112,
	(33,15) : 66,
	(33,16) : 45,
	(33,17) : 80,
	(33,18) : 157,
	(33,19) : 65,
	(33,20) : 122,
	(33,21) : 59,
	(33,22) : 133,
	(33,23) : 143,
	(33,24) : 77,
	(33,25) : 111,
	(33,26) : 24,
	(33,27) : 136,
	(33,28) : 137,
	(33,29) : 25,
	(33,30) : 70,
	(33,31) : 154,
	(33,32) : 69,
	(33,34) : 75,
	(33,35) : 86,
	(33,36) : 103,
	(33,37) : 90,
	(33,38) : 154,
	(33,39) : 281,
	(33,40) : 110,
	(33,41) : 154,
	(33,42) : 128,
	(33,43) : 133,
	(33,44) : 68,
	(33,45) : 75,
	(33,46) : 45,
	(33,47) : 99,
	(33,48) : 139,
	(33,49) : 171,
	(33,50) : 156,
	(33,51) : 158,
	(33,52) : 89,
	(33,53) : 128,
	(33,54) : 67,
	(33,55) : 119,
	(33,56) : 81,
	(33,57) : 58,
	(33,58) : 117,
	(33,59) : 147,
	(33,60) : 152,
	(33,61) : 87,
	(33,62) : 207,
	(33,63) : 84,
	(33,64) : 98,
	(33,65) : 79,
	(33,66) : 34,
	(33,67) : 274,
	(33,68) : 51,
	(33,69) : 110,
	(33,70) : 120,
	(34,1) : 108,
	(34,2) : 38,
	(34,3) : 84,
	(34,4) : 32,
	(34,5) : 23,
	(34,6) : 88,
	(34,7) : 69,
	(34,8) : 107,
	(34,9) : 78,
	(34,10) : 62,
	(34,11) : 110,
	(34,12) : 48,
	(34,13) : 75,
	(34,14) : 44,
	(34,15) : 24,
	(34,16) : 41,
	(34,17) : 43,
	(34,18) : 128,
	(34,19) : 67,
	(34,20) : 57,
	(34,21) : 45,
	(34,22) : 137,
	(34,23) : 139,
	(34,24) : 94,
	(34,25) : 35,
	(34,26) : 98,
	(34,27) : 100,
	(34,28) : 62,
	(34,29) : 101,
	(34,30) : 78,
	(34,31) : 132,
	(34,32) : 48,
	(34,33) : 75,
	(34,35) : 18,
	(34,36) : 126,
	(34,37) : 118,
	(34,38) : 79,
	(34,39) : 231,
	(34,40) : 130,
	(34,41) : 82,
	(34,42) : 102,
	(34,43) : 80,
	(34,44) : 19,
	(34,45) : 102,
	(34,46) : 34,
	(34,47) : 28,
	(34,48) : 69,
	(34,49) : 117,
	(34,50) : 80,
	(34,51) : 110,
	(34,52) : 14,
	(34,53) : 70,
